0.005735635757446289,0.0,0.0
0.03888702392578125,0.0,0.0
0.07117199897766113,0.0,0.0
0.10465288162231445,0.0,0.0
0.14117193222045898,0.01,0.0
0.1778879165649414,0.06,0.06
0.21547842025756836,0.06,0.13
0.25512003898620605,0.14,0.13
0.29465818405151367,0.23,0.22
0.33431148529052734,0.31,0.3
0.37363624572753906,0.38,0.38
0.41323375701904297,0.38,0.44
0.4528632164001465,0.45,0.44
0.49278974533081055,0.5,0.49
0.5323290824890137,0.53,0.53
0.571861743927002,0.56,0.55
0.6101689338684082,0.56,0.57
0.6487343311309814,0.57,0.57
0.6883585453033447,0.57,0.59
0.72806715965271,0.57,0.6
0.7679660320281982,0.58,0.6
0.8075459003448486,0.58,0.6
0.8472487926483154,0.58,0.6
0.8864834308624268,0.57,0.59
0.926138162612915,0.57,0.59
0.9656810760498047,0.57,0.58
1.004150629043579,0.57,0.58
1.0429410934448242,0.57,0.57
1.0817904472351074,0.57,0.57
1.121016263961792,0.57,0.56
1.1607816219329834,0.57,0.56
1.200308084487915,0.57,0.56
1.2398231029510498,0.56,0.55
1.27939772605896,0.57,0.5
1.3191032409667969,0.56,0.52
1.358741044998169,0.56,0.53
1.3983275890350342,0.56,0.53
1.438072681427002,0.56,0.54
1.4776992797851562,0.56,0.55
1.517543077468872,0.56,0.55
1.5568597316741943,0.56,0.56
1.5954244136810303,0.56,0.56
1.634129524230957,0.55,0.56
1.6727383136749268,0.55,0.56
1.7112038135528564,0.55,0.56
1.749803066253662,0.55,0.56
1.7883110046386719,0.55,0.56
1.8270668983459473,0.55,0.56
1.8659672737121582,0.55,0.55
1.9045283794403076,0.55,0.55
1.943690538406372,0.55,0.55
1.9833738803863525,0.55,0.55
2.0230979919433594,0.55,0.55
2.0626981258392334,0.55,0.55
2.1012747287750244,0.55,0.55
2.141120433807373,0.55,0.55
2.1805620193481445,0.55,0.55
2.220430850982666,0.55,0.55
2.2597386837005615,0.55,0.55
2.2993152141571045,0.55,0.55
2.338949203491211,0.55,0.55
2.3785369396209717,0.55,0.55
2.418288469314575,0.55,0.49
2.457899332046509,0.55,0.52
2.4978837966918945,0.55,0.52
2.5372018814086914,0.55,0.54
2.5767405033111572,0.55,0.55
2.6151692867279053,0.55,0.55
2.653810501098633,0.55,0.56
2.6923351287841797,0.55,0.56
2.730900287628174,0.55,0.56
2.7701945304870605,0.55,0.56
2.808476448059082,0.55,0.56
2.846982717514038,0.55,0.56
2.885546922683716,0.55,0.56
2.9238672256469727,0.55,0.56
2.962374687194824,0.55,0.56
3.0008726119995117,0.55,0.56
3.0394513607025146,0.55,0.56
3.0781314373016357,0.55,0.56
3.1165006160736084,0.55,0.56
3.1552846431732178,0.55,0.56
3.193662166595459,0.55,0.56
3.2321860790252686,0.55,0.55
3.2717883586883545,0.56,0.55
3.311328887939453,0.55,0.55
3.3511462211608887,0.55,0.55
3.3906302452087402,0.55,0.55
3.4302573204040527,0.55,0.55
3.4700534343719482,0.55,0.55
3.509474515914917,0.55,0.55
3.5490942001342773,0.55,0.55
3.58756685256958,0.55,0.55
3.626129627227783,0.51,0.55
3.664712429046631,0.52,0.55
3.703232526779175,0.54,0.55
3.7428598403930664,0.54,0.55
3.782435178756714,0.55,0.55
3.8220791816711426,0.56,0.55
3.8616080284118652,0.56,0.55
3.9012696743011475,0.56,0.55
3.9409947395324707,0.56,0.55
3.9804646968841553,0.56,0.55
4.020161151885986,0.56,0.55
4.059665679931641,0.56,0.55
4.099274635314941,0.56,0.55
4.13890814781189,0.56,0.55
4.178460597991943,0.55,0.55
4.218116760253906,0.55,0.55
4.257748126983643,0.55,0.55
4.297708034515381,0.55,0.55
4.337411642074585,0.55,0.55
4.376821756362915,0.55,0.55
4.416643857955933,0.55,0.55
4.456120491027832,0.55,0.55
4.4957358837127686,0.55,0.55
4.5355236530303955,0.55,0.55
4.574880838394165,0.55,0.55
4.614617109298706,0.55,0.55
4.6541032791137695,0.55,0.49
4.693765163421631,0.55,0.52
4.733437538146973,0.55,0.52
4.772980690002441,0.55,0.54
4.812288045883179,0.55,0.55
4.851843595504761,0.55,0.55
4.890434741973877,0.55,0.56
4.929065465927124,0.55,0.56
4.968062162399292,0.55,0.56
5.006301641464233,0.55,0.56
5.044704914093018,0.55,0.56
5.083325386047363,0.55,0.56
5.121918201446533,0.55,0.56
5.1605377197265625,0.55,0.56
5.19914174079895,0.55,0.56
5.237700462341309,0.55,0.56
5.276242971420288,0.55,0.56
5.314817667007446,0.55,0.56
5.3534159660339355,0.55,0.55
5.391916036605835,0.55,0.55
5.430534601211548,0.55,0.55
5.469253301620483,0.55,0.55
5.50876259803772,0.55,0.55
5.548229455947876,0.55,0.55
5.587905406951904,0.55,0.55
5.627527475357056,0.55,0.55
5.667173385620117,0.55,0.55
5.706623554229736,0.55,0.55
5.74640154838562,0.55,0.55
5.785985946655273,0.55,0.55
5.825533390045166,0.55,0.55
5.865072011947632,0.55,0.55
5.904567718505859,0.55,0.55
5.9443488121032715,0.55,0.55
5.983980655670166,0.55,0.55
6.023436069488525,0.55,0.55
6.063207387924194,0.55,0.55
6.102874755859375,0.55,0.55
6.141433000564575,0.55,0.55
6.179921388626099,0.55,0.55
6.218526601791382,0.55,0.55
6.2571070194244385,0.55,0.55
6.296807765960693,0.55,0.55
6.336440324783325,0.55,0.55
6.375917673110962,0.55,0.55
6.41554594039917,0.55,0.55
6.455066680908203,0.55,0.55
6.494874477386475,0.55,0.55
6.534384250640869,0.55,0.55
6.574384689331055,0.55,0.55
6.613945007324219,0.55,0.55
6.653292179107666,0.55,0.55
6.692865371704102,0.55,0.55
6.732340097427368,0.55,0.55
6.771951913833618,0.55,0.55
6.811558485031128,0.55,0.55
6.851176023483276,0.55,0.55
6.88976526260376,0.55,0.55
6.928459882736206,0.55,0.55
6.967928886413574,0.55,0.55
7.007532835006714,0.55,0.55
7.047152280807495,0.55,0.55
7.085739850997925,0.55,0.55
7.125395774841309,0.55,0.55
7.164994478225708,0.55,0.55
7.204525709152222,0.55,0.55
7.244148254394531,0.55,0.55
7.283743143081665,0.55,0.55
7.3235907554626465,0.55,0.55
7.362969160079956,0.55,0.55
7.402629613876343,0.55,0.55
7.442265748977661,0.55,0.55
7.481857061386108,0.55,0.55
7.521460056304932,0.55,0.55
7.561057806015015,0.55,0.55
7.599549055099487,0.55,0.55
7.639167547225952,0.55,0.55
7.678689956665039,0.55,0.55
7.718302488327026,0.55,0.55
7.757937431335449,0.55,0.55
7.796545743942261,0.55,0.55
7.836097955703735,0.55,0.55
7.875689506530762,0.55,0.55
7.91530442237854,0.55,0.55
7.954919815063477,0.55,0.55
7.99374794960022,0.55,0.55
8.033175945281982,0.55,0.55
8.072786808013916,0.55,0.55
8.11129641532898,0.55,0.55
8.149916410446167,0.51,0.55
8.188469648361206,0.52,0.55
8.22714877128601,0.54,0.55
8.265657663345337,0.54,0.55
8.30419635772705,0.55,0.55
8.343811273574829,0.55,0.55
8.38334321975708,0.55,0.55
8.423055648803711,0.55,0.55
8.463129043579102,0.56,0.55
8.502305030822754,0.56,0.55
8.541922092437744,0.56,0.55
8.581449270248413,0.56,0.55
8.621052026748657,0.56,0.51
8.659605503082275,0.52,0.51
8.698224544525146,0.47,0.5
8.736789464950562,0.51,0.53
8.775347471237183,0.54,0.54
8.813937187194824,0.54,0.54
8.852532148361206,0.55,0.55
8.891152381896973,0.56,0.56
8.929669380187988,0.56,0.57
8.96816110610962,0.56,0.57
9.007341384887695,0.56,0.57
9.045450210571289,0.57,0.57
9.083932399749756,0.56,0.57
9.122486352920532,0.56,0.57
9.161077737808228,0.56,0.57
9.199557065963745,0.56,0.56
9.23918104171753,0.56,0.56
9.278899669647217,0.56,0.56
9.31841778755188,0.56,0.55
9.358057498931885,0.56,0.55
9.398083448410034,0.56,0.55
9.43757438659668,0.56,0.55
9.477177143096924,0.56,0.55
9.516505479812622,0.56,0.55
9.556099653244019,0.55,0.55
9.595662832260132,0.55,0.55
9.635189533233643,0.55,0.55
9.674881935119629,0.55,0.55
9.714526414871216,0.55,0.55
9.754151821136475,0.55,0.55
9.793706893920898,0.55,0.55
9.833379983901978,0.55,0.55
9.873048782348633,0.55,0.55
9.912490844726562,0.55,0.55
9.952112197875977,0.55,0.55
9.991767406463623,0.55,0.55
10.031237602233887,0.55,0.55
10.070935726165771,0.55,0.55
10.110581398010254,0.55,0.55
10.150142431259155,0.55,0.55
10.190099239349365,0.55,0.55
10.229321718215942,0.55,0.55
10.268914222717285,0.55,0.55
10.308450937271118,0.55,0.55
10.348085165023804,0.55,0.55
10.387713193893433,0.55,0.55
10.427355766296387,0.55,0.55
10.46691346168518,0.55,0.55
10.505526781082153,0.55,0.55
10.54403042793274,0.55,0.55
10.583708763122559,0.55,0.55
10.62325143814087,0.55,0.55
10.663018226623535,0.55,0.55
10.702600002288818,0.55,0.55
10.742185354232788,0.55,0.55
10.781860828399658,0.55,0.55
10.821812868118286,0.55,0.55
10.859843969345093,0.55,0.55
10.89967966079712,0.55,0.55
10.939224481582642,0.55,0.55
10.97881817817688,0.55,0.55
11.018463373184204,0.55,0.55
11.05860185623169,0.55,0.55
11.098091125488281,0.55,0.55
11.1377694606781,0.55,0.55
11.177194356918335,0.55,0.55
11.21678900718689,0.55,0.55
11.25650930404663,0.55,0.55
11.29603099822998,0.55,0.55
11.335259914398193,0.55,0.55
11.375239849090576,0.55,0.55
11.414868831634521,0.55,0.55
11.454189777374268,0.55,0.55
11.493735074996948,0.55,0.55
11.533345699310303,0.55,0.55
11.57292366027832,0.55,0.55
11.611411571502686,0.55,0.55
11.65105414390564,0.55,0.55
11.690684795379639,0.55,0.55
11.730263710021973,0.55,0.55
11.769847869873047,0.55,0.55
11.809524536132812,0.55,0.55
11.8490309715271,0.55,0.55
11.888655424118042,0.55,0.55
11.928228378295898,0.55,0.55
11.967861413955688,0.55,0.55
