0.0018687248229980469,0.0,0.0
0.026027441024780273,0.0,0.0
0.058387041091918945,0.0,0.0
0.09069561958312988,0.0,0.0
0.1240389347076416,0.0,0.01
0.16167235374450684,0.01,0.01
0.20130062103271484,0.07,0.07
0.24083423614501953,0.14,0.13
0.2804226875305176,0.2,0.2
0.3200809955596924,0.2,0.2
0.35967469215393066,0.26,0.26
0.3991858959197998,0.31,0.31
0.43889904022216797,0.35,0.35
0.47860002517700195,0.39,0.39
0.5181150436401367,0.39,0.39
0.5577096939086914,0.42,0.42
0.5974555015563965,0.45,0.44
0.6369593143463135,0.46,0.46
0.6765072345733643,0.48,0.48
0.7150692939758301,0.48,0.48
0.7535958290100098,0.5,0.5
0.7932929992675781,0.51,0.51
0.8328943252563477,0.52,0.52
0.872445821762085,0.52,0.52
0.9109835624694824,0.53,0.52
0.9496111869812012,0.53,0.53
0.9892919063568115,0.54,0.53
1.0281872749328613,0.54,0.54
1.0667145252227783,0.54,0.54
1.105241298675537,0.54,0.54
1.143446922302246,0.54,0.54
1.1824071407318115,0.55,0.55
1.2208845615386963,0.55,0.55
1.2591047286987305,0.55,0.55
1.2977359294891357,0.55,0.55
1.3362767696380615,0.49,0.55
1.374753475189209,0.51,0.55
1.4133665561676025,0.51,0.55
1.4519639015197754,0.54,0.55
1.490577220916748,0.55,0.55
1.5302183628082275,0.55,0.55
1.569817304611206,0.55,0.55
1.6098778247833252,0.55,0.55
1.6493804454803467,0.56,0.55
1.6891677379608154,0.56,0.55
1.7286481857299805,0.56,0.55
1.7678461074829102,0.56,0.55
1.807891607284546,0.56,0.55
1.847046136856079,0.56,0.55
1.886643886566162,0.56,0.55
1.9264142513275146,0.56,0.55
1.9660041332244873,0.56,0.55
2.005450487136841,0.55,0.55
2.0450737476348877,0.55,0.55
2.084582567214966,0.55,0.55
2.124152421951294,0.55,0.55
2.1629223823547363,0.55,0.55
2.202364444732666,0.55,0.55
2.2419748306274414,0.55,0.55
2.2805519104003906,0.55,0.55
2.3191568851470947,0.55,0.55
2.3577029705047607,0.55,0.55
2.3961966037750244,0.55,0.55
2.434774160385132,0.55,0.55
2.4735004901885986,0.55,0.55
2.512970209121704,0.55,0.55
2.551384925842285,0.55,0.55
2.5899999141693115,0.55,0.55
2.628577470779419,0.55,0.55
2.6671195030212402,0.55,0.55
2.706676721572876,0.55,0.55
2.7463254928588867,0.55,0.55
2.7859411239624023,0.55,0.55
2.825610876083374,0.55,0.55
2.8651373386383057,0.55,0.55
2.9048221111297607,0.55,0.55
2.944429874420166,0.55,0.55
2.9840335845947266,0.55,0.55
3.022599935531616,0.55,0.55
3.061180591583252,0.55,0.55
3.099890947341919,0.55,0.55
3.138321876525879,0.55,0.55
3.1770410537719727,0.55,0.55
3.2155439853668213,0.55,0.55
3.2539966106414795,0.55,0.55
3.292623996734619,0.55,0.55
3.332202672958374,0.55,0.55
3.370715379714966,0.55,0.55
3.4092888832092285,0.55,0.55
3.4478232860565186,0.55,0.55
3.48637318611145,0.55,0.55
3.524871826171875,0.55,0.55
3.5645766258239746,0.55,0.55
3.6030495166778564,0.55,0.55
3.6417317390441895,0.55,0.55
3.6802423000335693,0.55,0.55
3.7186925411224365,0.55,0.55
3.7571966648101807,0.55,0.55
3.7960872650146484,0.55,0.55
3.8343212604522705,0.55,0.55
3.872981548309326,0.55,0.55
3.912970781326294,0.55,0.53
3.9521000385284424,0.55,0.5
3.991776466369629,0.55,0.5
4.031291961669922,0.55,0.53
4.071078538894653,0.55,0.54
4.110515356063843,0.55,0.55
4.149064779281616,0.55,0.56
4.187581777572632,0.55,0.56
4.226143836975098,0.55,0.56
4.264874696731567,0.55,0.56
4.3033623695373535,0.55,0.56
4.341948986053467,0.55,0.56
4.380584001541138,0.55,0.56
4.419045686721802,0.55,0.56
4.457505464553833,0.55,0.56
4.496175765991211,0.55,0.56
4.5347864627838135,0.55,0.56
4.573332786560059,0.55,0.56
4.612910270690918,0.55,0.55
4.652377367019653,0.55,0.5
4.692378759384155,0.55,0.5
4.732221841812134,0.55,0.53
4.771876096725464,0.55,0.54
4.810322284698486,0.55,0.55
4.849045038223267,0.55,0.56
4.887458562850952,0.55,0.56
4.926258325576782,0.55,0.56
4.964534759521484,0.55,0.56
5.003224611282349,0.55,0.56
5.041713714599609,0.55,0.56
5.0803749561309814,0.55,0.56
5.118845462799072,0.55,0.56
5.157384157180786,0.55,0.56
5.195838928222656,0.55,0.56
5.234062671661377,0.55,0.56
5.272712707519531,0.55,0.56
5.311577558517456,0.55,0.56
5.349973440170288,0.55,0.56
5.388441562652588,0.55,0.56
5.4270405769348145,0.55,0.56
5.465618133544922,0.55,0.55
5.504387140274048,0.55,0.55
5.542728900909424,0.55,0.55
5.581249475479126,0.55,0.55
5.619974613189697,0.55,0.55
5.658498287200928,0.55,0.55
5.698057651519775,0.55,0.55
5.736646890640259,0.55,0.55
5.7751359939575195,0.55,0.55
5.813711404800415,0.55,0.55
5.852264881134033,0.55,0.55
5.890814304351807,0.55,0.55
5.9293084144592285,0.55,0.55
5.967976331710815,0.55,0.55
6.007497072219849,0.55,0.55
6.047146797180176,0.55,0.55
6.085779666900635,0.55,0.55
6.124470472335815,0.55,0.55
6.164282560348511,0.55,0.55
6.202883720397949,0.55,0.55
6.2413201332092285,0.55,0.55
6.279491186141968,0.52,0.55
6.318012714385986,0.5,0.55
6.356750726699829,0.53,0.55
6.395300388336182,0.54,0.55
6.433794975280762,0.54,0.55
6.472352027893066,0.55,0.55
6.511465787887573,0.55,0.55
6.550649166107178,0.56,0.55
6.590131044387817,0.56,0.55
6.62970757484436,0.56,0.55
6.669321060180664,0.56,0.55
6.709338665008545,0.56,0.55
6.748992919921875,0.56,0.55
6.788244247436523,0.56,0.55
6.827786207199097,0.56,0.55
6.867305755615234,0.56,0.55
6.907071352005005,0.55,0.55
6.946714878082275,0.55,0.55
6.986224412918091,0.55,0.55
7.026343107223511,0.55,0.55
7.065790414810181,0.55,0.55
7.104371786117554,0.55,0.55
7.144100189208984,0.55,0.55
7.18358850479126,0.55,0.55
7.223033666610718,0.55,0.55
7.2624499797821045,0.55,0.55
7.301980495452881,0.55,0.55
7.341608762741089,0.55,0.55
7.381302118301392,0.55,0.55
7.420906066894531,0.55,0.55
7.460492849349976,0.55,0.55
7.500606060028076,0.55,0.55
7.5398266315460205,0.55,0.55
7.579330205917358,0.55,0.55
7.618866682052612,0.55,0.55
7.658539772033691,0.55,0.55
7.6980695724487305,0.55,0.55
7.736853837966919,0.55,0.55
7.775283575057983,0.55,0.55
7.81396484375,0.51,0.55
7.852508544921875,0.47,0.55
7.891177415847778,0.51,0.55
7.929802894592285,0.51,0.55
7.968190908432007,0.54,0.55
8.006590366363525,0.55,0.55
8.046267032623291,0.56,0.55
8.086036443710327,0.56,0.55
8.125681638717651,0.56,0.55
8.165279388427734,0.56,0.55
8.204936742782593,0.56,0.55
8.244460105895996,0.56,0.55
8.28415560722351,0.56,0.55
8.323671102523804,0.56,0.55
8.363276481628418,0.56,0.55
8.402867555618286,0.56,0.55
8.442553043365479,0.56,0.55
8.482295513153076,0.56,0.55
8.521740674972534,0.56,0.55
8.561238050460815,0.56,0.55
8.60091781616211,0.55,0.55
8.64064073562622,0.55,0.55
8.679208517074585,0.55,0.55
8.71772837638855,0.52,0.55
8.756438255310059,0.52,0.55
8.794918060302734,0.54,0.55
8.834398031234741,0.55,0.55
8.874000549316406,0.55,0.55
8.913687229156494,0.56,0.55
8.952708721160889,0.5,0.55
8.991351127624512,0.53,0.55
9.029823541641235,0.55,0.55
9.069107055664062,0.55,0.55
9.10875391960144,0.56,0.55
9.14832091331482,0.56,0.55
9.187902450561523,0.56,0.55
9.227426290512085,0.56,0.55
9.267033338546753,0.56,0.55
9.306613683700562,0.56,0.55
9.3462073802948,0.56,0.55
9.385891675949097,0.56,0.55
9.425437927246094,0.56,0.55
9.465075969696045,0.56,0.55
9.504643678665161,0.56,0.55
9.544275999069214,0.56,0.5
9.583841323852539,0.53,0.52
9.622324466705322,0.53,0.54
9.66100025177002,0.51,0.54
9.69941234588623,0.54,0.55
9.738043785095215,0.55,0.55
9.776650667190552,0.56,0.56
9.815027952194214,0.56,0.56
9.853589296340942,0.56,0.56
9.89224100112915,0.56,0.56
9.930815696716309,0.56,0.56
9.970348596572876,0.56,0.56
10.010063171386719,0.56,0.56
10.049563884735107,0.56,0.55
10.089239835739136,0.56,0.56
10.127857446670532,0.56,0.56
10.167324542999268,0.56,0.56
10.206885576248169,0.56,0.56
10.246529340744019,0.56,0.55
10.286123514175415,0.56,0.55
10.325891494750977,0.55,0.55
10.364434480667114,0.55,0.55
10.403087854385376,0.55,0.55
10.443010807037354,0.56,0.55
10.482545614242554,0.55,0.55
10.522271394729614,0.55,0.55
10.561838150024414,0.55,0.55
10.601543664932251,0.55,0.55
10.640698671340942,0.55,0.55
10.680310010910034,0.55,0.55
10.71985387802124,0.55,0.55
10.759521961212158,0.55,0.55
10.799108743667603,0.55,0.55
10.838728427886963,0.56,0.55
10.878400325775146,0.55,0.55
10.917977571487427,0.55,0.51
10.957606792449951,0.55,0.51
10.997267961502075,0.55,0.5
11.036831855773926,0.55,0.53
11.076481342315674,0.55,0.55
11.116094827651978,0.55,0.55
11.154670476913452,0.55,0.55
11.1933114528656,0.55,0.56
11.231863498687744,0.55,0.56
11.270385503768921,0.55,0.56
11.308995485305786,0.55,0.56
11.347684144973755,0.55,0.56
11.38606572151184,0.55,0.56
11.424745798110962,0.55,0.56
11.463319540023804,0.55,0.56
11.501907587051392,0.55,0.56
11.540615320205688,0.55,0.56
11.579010248184204,0.55,0.56
11.617652654647827,0.55,0.56
11.656221866607666,0.55,0.56
11.694686889648438,0.55,0.56
11.733329057693481,0.55,0.55
11.771891832351685,0.55,0.55
11.81036114692688,0.55,0.55
11.849047660827637,0.55,0.55
11.887542486190796,0.55,0.55
11.926047801971436,0.55,0.55
11.964797258377075,0.55,0.55
12.003289699554443,0.55,0.55
12.042014122009277,0.55,0.55
12.080418109893799,0.55,0.55
12.11940050125122,0.55,0.55
12.157549619674683,0.55,0.55
12.196167230606079,0.55,0.55
12.234612226486206,0.55,0.55
12.273224592208862,0.55,0.55
12.31162714958191,0.55,0.55
12.350347518920898,0.55,0.55
12.388917684555054,0.55,0.55
12.42750358581543,0.55,0.55
12.46603274345398,0.55,0.55
12.504713535308838,0.55,0.55
12.543228149414062,0.55,0.55
12.58185338973999,0.55,0.55
12.620438575744629,0.55,0.55
12.659019470214844,0.55,0.55
12.697640419006348,0.55,0.55
12.736157655715942,0.55,0.55
12.77477240562439,0.55,0.55
12.813368558883667,0.55,0.55
12.851911306381226,0.55,0.55
12.890499830245972,0.55,0.55
12.93026351928711,0.55,0.55
12.969844102859497,0.55,0.49
13.009672164916992,0.55,0.52
13.048998832702637,0.55,0.52
13.08861231803894,0.55,0.54
13.128353595733643,0.55,0.55
13.166762351989746,0.55,0.55
13.205423355102539,0.55,0.56
13.24412202835083,0.55,0.56
13.282526969909668,0.55,0.56
13.321275234222412,0.55,0.56
13.359635829925537,0.55,0.56
13.398613452911377,0.55,0.56
13.437230587005615,0.55,0.56
13.475690841674805,0.55,0.56
13.514315128326416,0.49,0.56
13.552862644195557,0.49,0.56
13.591532468795776,0.53,0.56
13.629957675933838,0.55,0.56
13.668328285217285,0.55,0.56
13.707167148590088,0.56,0.56
13.746860980987549,0.56,0.56
13.786367654800415,0.56,0.56
13.825994729995728,0.56,0.55
13.865690469741821,0.56,0.55
13.904241800308228,0.53,0.55
13.94283390045166,0.53,0.55
13.980896949768066,0.47,0.55
14.019484043121338,0.45,0.55
14.058109998703003,0.51,0.55
14.096633195877075,0.51,0.55
14.135187149047852,0.55,0.55
14.17473840713501,0.56,0.55
14.214372634887695,0.56,0.55
14.25394344329834,0.57,0.55
14.293903350830078,0.57,0.55
14.333501815795898,0.57,0.55
14.373126983642578,0.56,0.55
14.41266942024231,0.56,0.55
14.452491998672485,0.56,0.55
14.490837097167969,0.56,0.55
14.52914571762085,0.52,0.55
14.567584991455078,0.53,0.55
14.6072256565094,0.56,0.55
14.647080659866333,0.56,0.55
14.686470985412598,0.56,0.55
14.726022243499756,0.56,0.55
14.765475273132324,0.56,0.55
14.805199146270752,0.56,0.55
14.844856023788452,0.56,0.55
14.884501457214355,0.56,0.55
14.924143552780151,0.56,0.55
14.963844776153564,0.56,0.55
15.003805160522461,0.56,0.55
15.04305386543274,0.56,0.55
15.082570791244507,0.56,0.55
15.122003078460693,0.56,0.55
15.161749839782715,0.55,0.55
15.200461864471436,0.51,0.55
15.238926410675049,0.51,0.55
15.277618169784546,0.55,0.55
15.317107200622559,0.56,0.55
15.356817960739136,0.56,0.55
